1.1 1.0
1.2 1.0
1.3 1.0
1.4 1.0
1.5 1.0
1.6 1.0
1.7 1.0
1.8 1.0
1.9 0.99
2.0 1.0
2.1 1.0
2.2 1.0
2.3 1.0
2.4 1.0
2.5 1.0
2.6 0.97
2.7 0.99
2.8 0.95
2.9 0.98
3.0 1.0
3.1 0.97
3.2 0.91
3.3 0.91
3.4 0.93
3.5 0.89
3.6 0.86
3.7 0.83
3.8 0.89
3.9 0.76
4.0 0.79
4.1 0.71
4.2 0.65
4.3 0.65
4.4 0.6
4.5 0.66
4.6 0.56
4.7 0.45
4.8 0.5
4.9 0.47
5.0 0.48
5.1 0.4
5.2 0.28
5.3 0.3
5.4 0.31
5.5 0.25
5.6 0.22
5.7 0.22
5.8 0.16
5.9 0.2
6.0 0.18
6.1 0.07
6.2 0.16
6.3 0.15
6.4 0.1
6.5 0.11
6.6 0.06
6.7 0.08
6.8 0.07
6.9 0.02
7.0 0.05
7.1 0.08
7.2 0.05
7.3 0.1
7.4 0.05
7.5 0.05
7.6 0.03
7.7 0.01
7.8 0.02
7.9 0.0
8.0 0.0
8.1 0.03
8.2 0.02
8.3 0.01
8.4 0.01
8.5 0.0
8.6 0.01
8.7 0.01
8.8 0.0
8.9 0.0
9.0 0.0
9.1 0.0
9.2 0.0
9.3 0.01
9.4 0.0
9.5 0.0
9.6 0.0
9.7 0.0
9.8 0.0
9.9 0.0
10.0 0.0
10.1 0.0
10.2 0.0
10.3 0.0
10.4 0.0
10.5 0.0
10.6 0.0
10.7 0.0
10.8 0.0
10.9 0.0
